/dockerdata/miyozhang/datasets/huina_online_202101/0107_gallery/0/3100264_query_1610019079137_2350955705013841353.jpg 30608 2350955705013841353 3100264
/dockerdata/miyozhang/datasets/huina_online_202101/0107_gallery/0/3100264_query_1610019080627_2350955705013841353.jpg 30608 2350955705013841353 3100264
/dockerdata/miyozhang/datasets/huina_online_202101/0107_gallery/0/3100104_query_1610011477697_2350955967006840755.jpg 1670 2350955967006840755 3100104
/dockerdata/miyozhang/datasets/huina_online_202101/0107_gallery/0/3100104_query_1610011478087_2350955967006840755.jpg 1670 2350955967006840755 3100104
/dockerdata/miyozhang/datasets/huina_online_202101/0107_gallery/0/3100104_query_1610011435597_2350955967006840750.jpg 38603 2350955967006840750 3100104
/dockerdata/miyozhang/datasets/huina_online_202101/0107_gallery/0/3100104_query_1610011435987_2350955967006840750.jpg 38603 2350955967006840750 3100104
/dockerdata/miyozhang/datasets/huina_online_202101/0107_gallery/0/3100259_query_1610019394432_2350955447315803488.jpg 3653 2350955447315803488 3100259
/dockerdata/miyozhang/datasets/huina_online_202101/0107_gallery/0/3100259_query_1610019396282_2350955447315803488.jpg 3653 2350955447315803488 3100259
/dockerdata/miyozhang/datasets/huina_online_202101/0107_gallery/0/3100138_query_1610018132212_2365030862598641854.jpg 39564 2365030862598641854 3100138
/dockerdata/miyozhang/datasets/huina_online_202101/0107_gallery/0/3100259_query_1610019392731_2350955447315803485.jpg 25157 2350955447315803485 3100259
/dockerdata/miyozhang/datasets/huina_online_202101/0107_gallery/0/3100259_query_1610019393123_2350955447315803485.jpg 25157 2350955447315803485 3100259
/dockerdata/miyozhang/datasets/huina_online_202101/0107_gallery/0/3100132_query_1610013488475_2365030939908054919.jpg 17804 2365030939908054919 3100132
/dockerdata/miyozhang/datasets/huina_online_202101/0107_gallery/0/3100132_query_1610013488915_2365030939908054919.jpg 17804 2365030939908054919 3100132
/dockerdata/miyozhang/datasets/huina_online_202101/0107_gallery/0/3100132_query_1610013489309_2365030939908054919.jpg 17804 2365030939908054919 3100132
/dockerdata/miyozhang/datasets/huina_online_202101/0107_gallery/0/3100262_query_1610009772575_2350955438725877869.jpg 23988 2350955438725877869 3100262
/dockerdata/miyozhang/datasets/huina_online_202101/0107_gallery/0/3100262_query_1610009772135_2350955438725877868.jpg 23987 2350955438725877868 3100262
/dockerdata/miyozhang/datasets/huina_online_202101/0107_gallery/0/3100163_query_1610003710435_2350953725033911799.jpg 5131 2350953725033911799 3100163
/dockerdata/miyozhang/datasets/huina_online_202101/0107_gallery/0/3100052_query_1610016994009_2365030368677420036.jpg 67308 2365030368677420036 3100052
/dockerdata/miyozhang/datasets/huina_online_202101/0107_gallery/0/3100072_query_1610010252133_2365030325727739047.jpg 7771 2365030325727739047 3100072
/dockerdata/miyozhang/datasets/huina_online_202101/0107_gallery/0/3100072_query_1610010252533_2365030325727739047.jpg 7771 2365030325727739047 3100072
/dockerdata/miyozhang/datasets/huina_online_202101/0107_gallery/0/3100072_query_1610010253332_2365030325727739047.jpg 7771 2365030325727739047 3100072
/dockerdata/miyozhang/datasets/huina_online_202101/0107_gallery/0/3100245_query_1610008846680_2350956104445798768.jpg 57154 2350956104445798768 3100245
/dockerdata/miyozhang/datasets/huina_online_202101/0107_gallery/0/3100245_query_1610008847079_2350956104445798768.jpg 57154 2350956104445798768 3100245
/dockerdata/miyozhang/datasets/huina_online_202101/0107_gallery/0/3100245_query_1610008847440_2350956104445798769.jpg 57155 2350956104445798769 3100245
/dockerdata/miyozhang/datasets/huina_online_202101/0107_gallery/0/3100245_query_1610008848289_2350956104445798769.jpg 57155 2350956104445798769 3100245
/dockerdata/miyozhang/datasets/huina_online_202101/0107_gallery/0/3100139_query_1610023288582_2365030836828840537.jpg 62495 2365030836828840537 3100139
/dockerdata/miyozhang/datasets/huina_online_202101/0107_gallery/0/3100139_query_1610023289383_2365030836828840537.jpg 62495 2365030836828840537 3100139
/dockerdata/miyozhang/datasets/huina_online_202101/0107_gallery/0/3100139_query_1610023271772_2365030836828840535.jpg 62495 2365030836828840535 3100139
/dockerdata/miyozhang/datasets/huina_online_202101/0107_gallery/0/3100139_query_1610023272932_2365030836828840535.jpg 62495 2365030836828840535 3100139
/dockerdata/miyozhang/datasets/huina_online_202101/0107_gallery/0/3100245_query_1610008830960_2350956104445798762.jpg 56907 2350956104445798762 3100245
/dockerdata/miyozhang/datasets/huina_online_202101/0107_gallery/0/3100245_query_1610008831349_2350956104445798762.jpg 56907 2350956104445798762 3100245
/dockerdata/miyozhang/datasets/huina_online_202101/0107_gallery/0/3100245_query_1610008818180_2350956104445798763.jpg 57152 2350956104445798763 3100245
/dockerdata/miyozhang/datasets/huina_online_202101/0107_gallery/0/3100245_query_1610008819509_2350956104445798763.jpg 57152 2350956104445798763 3100245
/dockerdata/miyozhang/datasets/huina_online_202101/0107_gallery/0/3100128_query_1610003348909_2350959540419631631.jpg 12170 2350959540419631631 3100128
/dockerdata/miyozhang/datasets/huina_online_202101/0107_gallery/0/3100128_query_1610003349338_2350959540419631631.jpg 12170 2350959540419631631 3100128
/dockerdata/miyozhang/datasets/huina_online_202101/0107_gallery/0/3100128_query_1610003350498_2350959540419631631.jpg 12170 2350959540419631631 3100128
/dockerdata/miyozhang/datasets/huina_online_202101/0107_gallery/0/3100245_query_1610008825130_2350956104445798766.jpg 57153 2350956104445798766 3100245
/dockerdata/miyozhang/datasets/huina_online_202101/0107_gallery/0/3100245_query_1610008827039_2350956104445798766.jpg 57153 2350956104445798766 3100245
/dockerdata/miyozhang/datasets/huina_online_202101/0107_gallery/0/3100245_query_1610008827880_2350956104445798766.jpg 57153 2350956104445798766 3100245
/dockerdata/miyozhang/datasets/huina_online_202101/0107_gallery/0/3100234_query_1610021594870_2350955507445340250.jpg 395 2350955507445340250 3100234
/dockerdata/miyozhang/datasets/huina_online_202101/0107_gallery/0/3100234_query_1610021596670_2350955507445340250.jpg 395 2350955507445340250 3100234
/dockerdata/miyozhang/datasets/huina_online_202101/0107_gallery/0/3100234_query_1610021597310_2350955507445340250.jpg 395 2350955507445340250 3100234
/dockerdata/miyozhang/datasets/huina_online_202101/0107_gallery/0/3100074_query_1610016643109_2365030403037158378.jpg 7039 2365030403037158378 3100074
/dockerdata/miyozhang/datasets/huina_online_202101/0107_gallery/0/3100074_query_1610016643500_2365030403037158378.jpg 7039 2365030403037158378 3100074
/dockerdata/miyozhang/datasets/huina_online_202101/0107_gallery/0/3100072_query_1609984826958_2365030325727728168.jpg 65738 2365030325727728168 3100072
/dockerdata/miyozhang/datasets/huina_online_202101/0107_gallery/0/3100179_query_1610023262758_2350955872517574672.jpg 42668 2350955872517574672 3100179
/dockerdata/miyozhang/datasets/huina_online_202101/0107_gallery/0/3100179_query_1610023263165_2350955872517574672.jpg 42668 2350955872517574672 3100179
/dockerdata/miyozhang/datasets/huina_online_202101/0107_gallery/0/3100179_query_1610023263568_2350955872517574672.jpg 42668 2350955872517574672 3100179
/dockerdata/miyozhang/datasets/huina_online_202101/0107_gallery/0/3100051_query_1610010442597_2365030377267351090.jpg 67852 2365030377267351090 3100051
/dockerdata/miyozhang/datasets/huina_online_202101/0107_gallery/0/3100051_query_1610010442997_2365030377267351090.jpg 67852 2365030377267351090 3100051
/dockerdata/miyozhang/datasets/huina_online_202101/0107_gallery/0/3100051_query_1610010443677_2365030377267351090.jpg 67852 2365030377267351090 3100051
/dockerdata/miyozhang/datasets/huina_online_202101/0107_gallery/0/3100256_query_1610007268606_2350955516035278903.jpg 5640 2350955516035278903 3100256
/dockerdata/miyozhang/datasets/huina_online_202101/0107_gallery/0/3100256_query_1610007269895_2350955516035278903.jpg 5640 2350955516035278903 3100256
/dockerdata/miyozhang/datasets/huina_online_202101/0107_gallery/0/3100296_query_1610026066171_2350955743668547905.jpg 32900 2350955743668547905 3100296
/dockerdata/miyozhang/datasets/huina_online_202101/0107_gallery/0/3100296_query_1610026066960_2350955743668547905.jpg 32900 2350955743668547905 3100296
/dockerdata/miyozhang/datasets/huina_online_202101/0107_gallery/0/3100296_query_1610026067360_2350955743668547905.jpg 32900 2350955743668547905 3100296
/dockerdata/miyozhang/datasets/huina_online_202101/0107_gallery/0/3100189_query_1610007290909_2350955889697431725.jpg 43074 2350955889697431725 3100189
/dockerdata/miyozhang/datasets/huina_online_202101/0107_gallery/0/3100189_query_1610007292098_2350955889697431725.jpg 43074 2350955889697431725 3100189
/dockerdata/miyozhang/datasets/huina_online_202101/0107_gallery/0/3100127_query_1610003332784_2350955133783186919.jpg 18521 2350955133783186919 3100127
/dockerdata/miyozhang/datasets/huina_online_202101/0107_gallery/0/3100122_query_1610023924164_2350956022841421761.jpg 51110 2350956022841421761 3100122
/dockerdata/miyozhang/datasets/huina_online_202101/0107_gallery/0/3100122_query_1610023924552_2350956022841421761.jpg 51110 2350956022841421761 3100122
/dockerdata/miyozhang/datasets/huina_online_202101/0107_gallery/0/3100122_query_1610023924952_2350956022841421761.jpg 51110 2350956022841421761 3100122
/dockerdata/miyozhang/datasets/huina_online_202101/0107_gallery/0/3100122_query_1610023924952_2350956022841421762.jpg 51111 2350956022841421762 3100122
/dockerdata/miyozhang/datasets/huina_online_202101/0107_gallery/0/3100122_query_1610023925032_2350956022841421763.jpg 15170 2350956022841421763 3100122
/dockerdata/miyozhang/datasets/huina_online_202101/0107_gallery/0/3100122_query_1610023925442_2350956022841421763.jpg 15170 2350956022841421763 3100122
/dockerdata/miyozhang/datasets/huina_online_202101/0107_gallery/0/3100122_query_1610023930672_2350956022841421764.jpg 19571 2350956022841421764 3100122
/dockerdata/miyozhang/datasets/huina_online_202101/0107_gallery/0/3100122_query_1610023932113_2350956022841421764.jpg 19571 2350956022841421764 3100122
/dockerdata/miyozhang/datasets/huina_online_202101/0107_gallery/0/3100122_query_1610023930982_2350956022841421765.jpg 11184 2350956022841421765 3100122
/dockerdata/miyozhang/datasets/huina_online_202101/0107_gallery/0/3100122_query_1610023932332_2350956022841421765.jpg 11184 2350956022841421765 3100122
/dockerdata/miyozhang/datasets/huina_online_202101/0107_gallery/0/3100122_query_1610023932742_2350956022841421765.jpg 11184 2350956022841421765 3100122
/dockerdata/miyozhang/datasets/huina_online_202101/0107_gallery/0/3100099_query_1610008694914_2350955997071611205.jpg 47972 2350955997071611205 3100099
/dockerdata/miyozhang/datasets/huina_online_202101/0107_gallery/0/3100099_query_1610008695314_2350955997071611205.jpg 47972 2350955997071611205 3100099
/dockerdata/miyozhang/datasets/huina_online_202101/0107_gallery/0/3100099_query_1610008695695_2350955997071611205.jpg 47972 2350955997071611205 3100099
/dockerdata/miyozhang/datasets/huina_online_202101/0107_gallery/0/3100099_query_1610008694134_2350955997071611204.jpg 47971 2350955997071611204 3100099
/dockerdata/miyozhang/datasets/huina_online_202101/0107_gallery/0/3100099_query_1610008694544_2350955997071611204.jpg 47971 2350955997071611204 3100099
/dockerdata/miyozhang/datasets/huina_online_202101/0107_gallery/0/3100105_query_1610017048226_2350955181027827632.jpg 20465 2350955181027827632 3100105
/dockerdata/miyozhang/datasets/huina_online_202101/0107_gallery/0/3100105_query_1610017024877_2350955181027827630.jpg 20464 2350955181027827630 3100105
/dockerdata/miyozhang/datasets/huina_online_202101/0107_gallery/0/3100105_query_1610017026109_2350955181027827630.jpg 20464 2350955181027827630 3100105
/dockerdata/miyozhang/datasets/huina_online_202101/0107_gallery/0/3100105_query_1610017026517_2350955181027827630.jpg 20464 2350955181027827630 3100105
/dockerdata/miyozhang/datasets/huina_online_202101/0107_gallery/0/3100105_query_1610017089550_2350955181027827637.jpg 559 2350955181027827637 3100105
/dockerdata/miyozhang/datasets/huina_online_202101/0107_gallery/0/3100290_query_1610021621191_2350955730783647311.jpg 31853 2350955730783647311 3100290
/dockerdata/miyozhang/datasets/huina_online_202101/0107_gallery/0/3100290_query_1610021622251_2350955730783647311.jpg 31853 2350955730783647311 3100290
/dockerdata/miyozhang/datasets/huina_online_202101/0107_gallery/0/3100265_query_1609993045454_2350955765143378147.jpg 5123 2350955765143378147 3100265
/dockerdata/miyozhang/datasets/huina_online_202101/0107_gallery/0/3100265_query_1609993046485_2350955765143378147.jpg 5123 2350955765143378147 3100265
/dockerdata/miyozhang/datasets/huina_online_202101/0107_gallery/0/3100265_query_1609993047255_2350955765143378147.jpg 5123 2350955765143378147 3100265
/dockerdata/miyozhang/datasets/huina_online_202101/0107_gallery/0/3100105_query_1610017149487_2350955181027827638.jpg 20466 2350955181027827638 3100105
/dockerdata/miyozhang/datasets/huina_online_202101/0107_gallery/0/3100105_query_1610017150976_2350955181027827638.jpg 20466 2350955181027827638 3100105
/dockerdata/miyozhang/datasets/huina_online_202101/0107_gallery/0/3100095_query_1610010989043_2350956052906187815.jpg 4657 2350956052906187815 3100095
/dockerdata/miyozhang/datasets/huina_online_202101/0107_gallery/0/3100095_query_1610010990722_2350956052906187815.jpg 4657 2350956052906187815 3100095
/dockerdata/miyozhang/datasets/huina_online_202101/0107_gallery/0/3100095_query_1610010991352_2350956052906187815.jpg 4657 2350956052906187815 3100095
/dockerdata/miyozhang/datasets/huina_online_202101/0107_gallery/0/3100256_query_1610021883767_2350955516035283822.jpg 29270 2350955516035283822 3100256
/dockerdata/miyozhang/datasets/huina_online_202101/0107_gallery/0/3100256_query_1610021903605_2350955516035283827.jpg 29271 2350955516035283827 3100256
/dockerdata/miyozhang/datasets/huina_online_202101/0107_gallery/0/3100256_query_1610021905875_2350955516035283827.jpg 29271 2350955516035283827 3100256
/dockerdata/miyozhang/datasets/huina_online_202101/0107_gallery/0/3100066_query_1609991375032_2350954773005931753.jpg 7481 2350954773005931753 3100066
/dockerdata/miyozhang/datasets/huina_online_202101/0107_gallery/0/3100066_query_1609991375822_2350954773005931753.jpg 7481 2350954773005931753 3100066
/dockerdata/miyozhang/datasets/huina_online_202101/0107_gallery/0/3100167_query_1609992231425_2350955696423900357.jpg 30209 2350955696423900357 3100167
/dockerdata/miyozhang/datasets/huina_online_202101/0107_gallery/0/3100167_query_1609992231815_2350955696423900357.jpg 30209 2350955696423900357 3100167
/dockerdata/miyozhang/datasets/huina_online_202101/0107_gallery/0/3100167_query_1609992231535_2350955696423900356.jpg 13689 2350955696423900356 3100167
/dockerdata/miyozhang/datasets/huina_online_202101/0107_gallery/0/3100167_query_1609992232345_2350955696423900356.jpg 13689 2350955696423900356 3100167
/dockerdata/miyozhang/datasets/huina_online_202101/0107_gallery/0/3100204_query_1609996819492_2350953729328877629.jpg 136 2350953729328877629 3100204
